2 4.22344 4.13327 4.36583 4.9922 4.9634 5.00772 4.99071 4.96505 5.00394 6.01012 5.8352 6.28116 45.66667 44 48 67.48667 65.81 69.3 65 64 67 111.33333 104 122
3 8.87143 8.66957 9.02002 9.97037 9.89263 10.01811 9.97471 9.91607 10.05528 10.88605 10.83906 10.97872 61 59 63 87.31667 86.43 88.89 84.33333 83 85 132 122 141
5 18.1521 18.04502 18.26744 20.04158 19.99154 20.10356 20.04051 20.01408 20.06907 22.17211 21.66434 22.99486 91.66667 91 93 119.27 118.02 120.52 117.66667 116 120 167.33333 158 181
10 42.26544 41.58507 43.25439 44.91696 44.73104 45.07669 44.87821 44.71014 45.0456 47.6747 47.10857 48.77935 151.66667 149 156 191.88667 190.88 193.26 189.33333 188 191 250.33333 241 263
20 89.23307 86.98522 90.43274 94.84883 94.73454 95.01653 94.8269 94.56691 94.98214 99.84218 99.22898 100.46208 268.66667 263 273 316.12333 310.73 320.2 315 311 319 387 376 393
50 230.13231 226.49807 233.5158 245.17089 244.33245 246.46875 244.71554 243.84478 245.61726 257.49805 257.11988 258.14661 594.33333 586 599 670.65667 667.67 676.51 666.66667 660 676 773.33333 767 778
100 470.39899 467.3285 473.5035 495.4717 492.22299 497.18756 495.63223 492.41426 497.27644 520.87465 518.83223 522.71972 1104.66667 1083 1119 1221.2 1205.91 1244.76 1216.66667 1199 1240 1333 1304 1379
200 948.8623 946.25051 950.33333 996.01692 992.90593 998.23721 995.41376 990.86158 997.83103 1048.58664 1037.24975 1068.2404 2147.33333 2145 2150 2273.39667 2253.18 2306.67 2269.66667 2244 2307 2416.66667 2392 2444
500 2366.01241 2354.52563 2375.00697 2498.67748 2497.08746 2499.67397 2497.40286 2494.35103 2499.2332 2612.91176 2608.72866 2616.70319 5196 5153 5245 5396.56667 5366.9 5433.53 5389.66667 5369 5416 5589 5556 5624

