2 4.23096 4.13526 4.39381 5.00472 4.99713 5.01032 4.98833 4.97441 5.0122 5.8227 5.6179 6.03176 44.33333 42 46 65.33333 64 66 66.76333 65.76 67.57 116.66667 107 125
3 8.80382 8.6491 8.91288 9.9525 9.88173 10.01026 9.97356 9.91777 10.01246 11.02925 10.93894 11.1652 60.33333 60 61 85 83 86 87.07333 86.04 87.86 140.66667 129 148
5 18.31329 17.94152 18.62436 19.90037 19.80468 20.0259 19.92889 19.8484 20.04642 21.36196 21.20039 21.48192 90.66667 89 92 118 115 121 120.84667 117.07 123.53 172 154 189
10 42.3831 42.36122 42.41853 45.13698 44.9334 45.32394 45.14856 45.02234 45.221 48.32715 47.80228 49.03483 158.33333 149 163 190.33333 188 194 193.43667 191.6 196.57 252.33333 238 261
20 90.45184 90.27657 90.59465 95.28043 95.0691 95.65836 95.31128 95.08281 95.67076 100.90784 100.40177 101.89403 270.66667 261 280 317 311 321 321.83333 313.14 329.18 397.33333 371 433
50 234.14046 232.57098 237.17553 245.3575 244.8626 245.67498 245.21511 244.83906 245.46399 258.16484 256.29314 259.21401 594.66667 589 605 659 658 660 663.22 661.79 664.92 759 734 777
100 472.45216 468.80981 475.65996 495.17808 492.55756 496.78412 495.66948 493.61627 497.73838 521.0568 515.82393 527.72727 1118.66667 1096 1130 1218.66667 1215 1226 1225.27 1217.67 1231.66 1365.66667 1352 1380
200 955.53333 947.76633 959.85005 995.33599 988.8651 999.19492 995.88051 990.55598 999.18374 1039.63114 1032.08529 1049.8619 2128.66667 2123 2137 2266 2245 2306 2279.78 2258.72 2314.17 2480.66667 2402 2565
500 2385.34772 2366.90726 2404.88168 2494.08374 2479.88489 2501.67595 2495.87008 2486.26696 2500.86671 2608.19295 2581.32549 2637.86459 5181.66667 5142 5206 5391.33333 5342 5455 5402.68333 5349.57 5473.75 5649.66667 5512 5814

