2 4.98626 4.97609 4.99497 4.16643 4.13541 4.21083 4.98807 4.98406 4.99445 5.67995 5.64421 5.72863 63.66667 63 64 48 46 49 67.09667 66.84 67.4 116 104 135
3 10.02233 9.99058 10.0696 8.64113 8.5239 8.77968 10.00588 9.97596 10.04033 11.11597 10.924 11.2439 86.66667 86 87 62.33333 60 67 88.5 87.01 90.28 132.33333 119 156
5 20.02052 19.96548 20.11937 18.55442 18.12864 18.83316 20.01558 19.92525 20.19451 21.6102 21.37736 21.75973 116 115 117 92.66667 89 96 119.24667 118.9 119.91 176 167 190
10 45.00536 44.76211 45.3004 42.34128 42.03873 42.7794 45.01598 44.77145 45.22757 47.52899 47.2738 47.895 187.33333 185 191 156 155 157 190.90667 189.08 192.51 250.66667 238 264
20 94.98165 94.81424 95.12883 89.51351 89.02757 90.37616 94.97207 94.84519 95.19406 99.3654 98.88119 100.04215 312.33333 310 315 268.33333 264 275 317.47 313.84 322.52 409 380 433
50 246.00488 243.96716 247.37742 233.47243 229.31476 236.58818 245.95319 244.36115 247.19674 259.16938 258.15682 260.86736 664.66667 663 668 603 596 611 668.51333 664.91 673.36 759.33333 745 784
100 493.71386 491.78231 496.3501 465.85758 458.20541 470.65474 493.76079 491.90322 495.46077 518.01834 515.59248 521.8651 1201.33333 1196 1205 1111.33333 1084 1134 1206.58667 1202.98 1209.23 1347.33333 1335 1370
200 996.43841 991.25703 1005.26772 947.98711 944.22189 955.04582 995.08186 989.57032 1003.59468 1036.44753 1030.29928 1045.92151 2280 2251 2325 2145.66667 2132 2158 2282.16333 2256.69 2322.28 2424 2394 2481
500 2490.66097 2484.88211 2495.75905 2369.06827 2362.40113 2375.13078 2489.94772 2486.55035 2496.6128 2596.55854 2594.84965 2598.36663 5404 5359 5434 5183 5176 5188 5406.92333 5350.71 5436.28 5646 5513 5739

