2 5.89834 5.72923 6.09166 4.18969 4.11771 4.26359 5.00239 4.97056 5.03661 5.01141 4.98116 5.03335 108.33333 104 117 46.66667 44 51 66 65 67 68.56 67.64 69.39
3 11.11779 11.02888 11.26795 8.99254 8.79065 9.10277 10.0035 9.96957 10.02332 10.01647 9.98829 10.04105 137.66667 129 148 65 63 67 87 85 89 88.98667 85.57 91.37
5 21.37766 21.18986 21.48801 18.30023 18.25149 18.3656 19.91564 19.8286 20.05729 19.9296 19.84966 20.04853 174.33333 169 180 88.33333 87 89 116.66667 116 117 119.69333 118.87 120.36
10 47.20583 47.15451 47.24486 42.11171 42.0592 42.19098 44.77553 44.66667 44.88157 44.81097 44.71427 44.88103 240 233 244 152.66667 150 155 185.66667 183 191 187.88333 183.66 192.5
20 100.22108 99.66842 100.99782 90.27012 90.07415 90.4894 95.47282 95.25381 95.64622 95.37996 95.02698 95.68912 413.66667 392 453 272.33333 268 281 321.33333 318 324 325.52 321.48 329.02
50 254.71102 251.92424 256.57284 232.588 229.97236 234.28376 244.05819 243.75253 244.60659 244.09349 243.46318 244.84873 752 726 779 592.33333 586 602 656 646 662 659.95667 650.46 664.94
100 517.94161 516.63021 519.63405 472.113 470.91598 473.03688 495.08621 492.5032 497.46646 495.46009 492.77061 497.58247 1365 1331 1408 1110 1101 1117 1233 1228 1238 1231.5 1221.71 1240.9
200 1042.05951 1036.30341 1050.32713 950.88845 946.93682 956.68039 996.0992 991.77315 1000.25738 996.83016 991.16212 1001.14338 2476.33333 2444 2498 2153.66667 2151 2159 2290.33333 2278 2311 2297.42333 2287.66 2313.09
500 2598.94736 2575.65302 2622.80681 2395.97969 2392.83584 2401.37123 2489.75497 2486.05675 2494.08122 2493.91525 2487.99871 2500.19512 5582.33333 5517 5674 5168 5139 5192 5375.33333 5342 5409 5381.85333 5342.31 5419.61

