2 4.32274 4.16863 4.45302 5.87552 5.6018 6.0362 4.99388 4.96918 5.01149 5.00792 4.99452 5.01861 47.33333 46 50 109.66667 93 125 65.66667 65 66 68.74667 67.81 69.76
3 8.97938 8.78131 9.09904 11.40445 11.06778 12.01852 9.9882 9.91351 10.06713 9.9939 9.93361 10.04895 64.33333 63 66 144 140 150 85.66667 85 86 88.44 87.79 89.28
5 18.47205 18.21293 18.64822 21.93886 21.60802 22.1544 20.02227 19.95283 20.06921 20.01811 19.9664 20.04878 91 88 96 180 171 194 119.33333 118 121 120.72333 118.37 123.29
10 42.18306 41.76385 42.81489 47.72165 47.36595 48.15217 44.83973 44.60725 45.00294 44.85248 44.67791 44.99654 157.66667 154 161 255 246 260 186.66667 185 189 189.26667 188.35 190.77
20 90.50341 90.3391 90.77656 99.95732 99.10287 101.00719 94.8578 94.62327 95.14446 95.05626 94.91383 95.30341 267.66667 263 271 399 372 435 310.66667 301 316 315.74667 307.45 322.16
50 232.85132 230.95833 234.28257 256.08752 253.53366 258.20588 244.58736 244.2664 244.87313 244.60211 244.28584 244.98587 593.66667 580 611 758 735 785 658 646 665 662.00333 647.49 670.8
100 475.19801 473.99798 477.48251 515.96714 513.5381 517.32497 493.91351 492.85996 494.61709 495.07632 494.02977 496.34237 1130 1120 1144 1338 1303 1383 1212.33333 1211 1215 1216.42667 1211.87 1224.04
200 938.22471 930.61322 951.3863 1040.76485 1031.56468 1047.55203 993.94554 988.0072 1003.28321 995.79667 991.46785 1004.062 2143.66667 2121 2189 2458 2375 2519 2291 2275 2310 2301.27 2288.9 2320.08
500 2362.90542 2339.26768 2382.6752 2610.07724 2591.54303 2625.47552 2493.08844 2487.88934 2497.21739 2493.31511 2486.9938 2498.08516 5169.66667 5117 5201 5624 5552 5660 5399.66667 5383 5413 5404.37 5389.25 5417.57

