2 4.14436 4.0764 4.24178 4.98908 4.96326 5.00398 5.95523 5.77332 6.13226 4.9936 4.95938 5.01641 45.33333 42 48 65.33333 65 66 103.33333 99 110 66.84667 65.93 68.27
3 9.04562 8.80725 9.17286 10.00089 9.97602 10.04294 11.08155 10.85728 11.25828 10.00441 9.979 10.03029 61 59 62 85.66667 84 87 134.33333 125 151 87.61667 85.79 90.27
5 18.58402 18.402 18.75746 20.05783 19.98978 20.16847 21.74169 21.41273 22.10664 20.03236 19.92895 20.11068 88.33333 81 95 118.33333 115 121 166.33333 154 174 119.85 117.42 121.8
10 42.28886 41.88235 42.895 44.87679 44.73492 45.13965 47.53938 47.32385 47.83736 44.82947 44.63107 45.14226 156.66667 151 160 188.33333 187 189 253 249 258 192.19333 191.79 192.5
20 90.05942 89.88978 90.37131 94.89353 94.24614 95.22762 100.74831 99.45696 102.41973 94.94304 94.40903 95.33714 269.33333 263 274 320.33333 312 326 399 382 419 323.24667 318.4 326.25
50 233.20922 232.61746 234.00598 244.26677 242.8512 244.9746 255.66248 253.22111 257.34168 244.16756 242.72737 245.09592 597.66667 590 602 663.66667 657 674 745 720 771 662.19667 657.17 671.07
100 469.32971 466.06866 473.8089 494.32974 493.5905 495.80742 518.05727 512.90947 525.82717 494.32851 493.01161 495.80314 1126.66667 1119 1131 1216.66667 1208 1233 1315.66667 1293 1345 1219.51333 1206.47 1242.98
200 954.96409 950.56861 960.91429 997.89221 990.20614 1005.30214 1053.92274 1047.64491 1058.25918 998.58598 991.83273 1002.4317 2156 2141 2170 2276 2261 2287 2437.66667 2416 2452 2282.47 2276.79 2286.36
500 2376.60108 2368.72582 2392.35015 2492.80699 2486.34392 2501.61881 2637.39919 2613.84236 2668.70547 2497.31738 2491.08105 2509.14327 5147.33333 5069 5213 5383.66667 5352 5443 5590 5496 5745 5390.12 5347.53 5465.92

