2 5.02469 4.99693 5.04789 5.68937 5.58586 5.75883 4.22313 4.16769 4.31876 4.99152 4.98219 5.00702 67.33333 67 68 128.66667 120 145 44.33333 44 45 69.26 68.35 69.89
3 9.9728 9.93718 10.01178 11.01941 10.93565 11.06794 8.85777 8.65776 8.98475 9.98789 9.95784 10.02863 84.66667 82 87 130.33333 118 137 65 64 66 86.25333 83.98 89.71
5 19.96672 19.87739 20.08911 21.66337 21.22679 21.89011 18.31093 18.18144 18.40081 19.97953 19.9605 20.0104 115.33333 114 117 169 162 177 89.66667 86 95 118.41333 117.98 119.2
10 44.91662 44.61569 45.09981 48.32587 47.727 48.655 41.7766 41.35175 42.12386 44.96108 44.84127 45.05716 187.66667 186 190 255.33333 250 264 158.66667 157 160 191.81667 191.11 192.63
20 95.15667 94.36004 95.74624 100.31882 99.04528 101.74399 89.82512 89.1998 90.70816 95.13862 94.47601 95.57366 317 310 322 407.66667 390 424 278 274 280 320.08667 315.34 324.3
50 244.44623 243.97883 244.90682 256.17084 253.48629 259.66533 234.99041 233.26048 235.97273 244.59607 244.43541 244.75164 664.33333 662 668 748 729 766 604 593 613 666.23333 660.88 673.21
100 495.37316 494.18256 496.46255 522.2734 518.44932 524.47752 472.54745 470.47008 473.66762 495.48683 494.57527 496.32391 1221.66667 1217 1225 1379 1350 1431 1129 1127 1131 1226.88333 1221.72 1231.11
200 995.24377 993.29839 996.48365 1040.83255 1035.23725 1049.35743 943.9198 922.46543 954.88115 995.42374 993.30922 996.77524 2283.66667 2261 2299 2519.33333 2515 2526 2164 2152 2173 2304.24667 2286.3 2323.22
500 2484.35107 2469.63928 2504.52195 2594.78062 2587.2154 2600.85291 2383.13047 2355.64588 2405.09828 2489.21169 2475.88912 2506.67161 5365.33333 5345 5404 5577.66667 5479 5689 5198.66667 5193 5207 5374.67667 5343.7 5420.26

