2 5.0182 4.99679 5.03673 5.71929 5.58209 5.94793 4.21813 4.10999 4.31297 5.02407 4.99688 5.04423 67.33333 67 68 114 110 119 46 42 49 68.76667 67.93 70.3
3 10.04291 9.98618 10.10111 11.40514 11.04401 11.59064 9.09035 8.96902 9.22642 10.04136 10.01551 10.07622 87 85 89 152 142 159 63 63 63 89.22 86.54 91.84
5 19.94353 19.87046 20.00206 21.82484 21.58574 22.19346 18.35464 17.97082 18.65103 19.98673 19.92944 20.05456 116.66667 116 118 169 154 179 93.66667 90 98 118.94667 117.58 121.13
10 45.03504 44.8999 45.22044 47.9898 47.52911 48.31319 42.12575 41.85571 42.52055 44.99237 44.92127 45.10176 187 184 192 245.33333 234 252 154.66667 152 159 188.81667 185.47 192.63
20 95.12563 94.96322 95.25523 100.7786 99.17956 101.67926 90.1154 89.82305 90.49461 95.10155 94.95318 95.33207 314.66667 309 320 394.33333 383 414 276.33333 272 281 319.69 312.42 327.37
50 244.21372 243.52662 245.09751 257.9923 257.16427 258.71429 233.12392 231.23227 235.03203 244.28723 243.97514 244.66165 669 660 675 789.33333 749 821 608.33333 603 616 671.77667 664.4 677.02
100 494.19863 493.32158 495.51269 519.24424 514.56754 527.20057 472.0374 470.50263 473.44376 494.11353 493.5105 495.10925 1206.66667 1194 1215 1358.33333 1312 1408 1127.66667 1126 1129 1216.98333 1204.19 1223.82
200 990.60354 987.72246 993.16791 1039.9176 1032.94433 1045.99406 950.09029 945.62602 952.77948 990.52503 988.32419 993.97934 2278.33333 2265 2286 2481 2407 2532 2140.66667 2134 2147 2290.91 2268.73 2307.24
500 2487.81608 2484.27689 2489.75051 2599.8373 2581.30258 2615.89147 2366.65263 2352.09693 2386.96238 2490.23449 2488.28684 2493.01409 5383.33333 5358 5415 5602.33333 5498 5763 5178 5161 5193 5385.22667 5357.44 5428.59

