2 4.32459 4.1785 4.51902 5.00584 4.98327 5.03414 5.83648 5.71633 5.99026 4.99918 4.96891 5.04467 46.66667 46 48 68.01 66.57 68.88 130 109 145 65 64 67
3 8.99004 8.8858 9.12118 9.98577 9.94404 10.03905 11.10253 10.86556 11.4081 9.99566 9.92726 10.07215 62.66667 61 64 88.34 86.97 89.13 150 145 155 85 83 86
5 18.39064 18.10221 18.56972 20.04399 19.93545 20.14012 21.67386 21.64522 21.72655 20.06163 19.94695 20.19787 91 89 93 119.82333 117.28 121.93 170.33333 164 180 117.66667 116 119
10 42.50588 42.25127 42.89086 44.95194 44.90694 45.02299 47.78961 47.34111 48.17419 44.99956 44.98258 45.02601 147.66667 142 151 188.29667 186.2 190.32 264.33333 249 276 186.66667 184 189
20 89.37132 89.12231 89.61715 94.76704 94.6372 94.90154 99.92744 99.47619 100.43769 94.85849 94.62132 95.02102 269 266 274 317.38333 313.94 321.44 396.66667 386 407 311.66667 310 313
50 232.98443 227.66361 235.88515 245.7382 244.96567 246.63619 257.27516 255.95553 258.72737 245.67847 245.39896 246.05816 600.33333 599 602 660.35333 649.46 669.48 754 725 796 657.33333 646 665
100 469.48043 465.40577 474.49684 494.48941 492.63607 497.34375 513.94517 511.87647 516.21467 494.72001 493.36789 496.98861 1122 1109 1135 1220.4 1194.44 1266.19 1337.33333 1265 1434 1211 1191 1250
200 944.30739 940.88854 950.75228 992.61319 988.94737 995.48657 1036.54495 1032.87891 1039.65675 992.88756 987.70915 996.16684 2138.33333 2114 2160 2294.98333 2252.9 2335.03 2530.33333 2440 2599 2278.66667 2249 2310
500 2373.93933 2340.42517 2397.93882 2485.46104 2473.16883 2495.82656 2594.01434 2585.42957 2598.32744 2487.21084 2475.49329 2493.709 5119.33333 5090 5137 5337.92 5314.14 5352.28 5536 5509 5587 5329 5297 5352

