2 5.76906 5.67752 5.83204 5.007 4.93918 5.04795 4.23061 4.18356 4.27337 5.0062 4.97261 5.0442 107.66667 101 116 67 65 69 46 43 48 68.87333 67.86 69.83
3 11.34622 11.21803 11.55096 10.01172 10.00601 10.02209 8.86818 8.72691 9.00098 10.0101 9.95569 10.04108 137 130 142 84.33333 83 87 62.66667 58 67 86.62 84.68 87.79
5 21.89078 21.58408 22.12008 19.92951 19.87822 19.9707 18.29848 17.92114 18.51929 19.9646 19.93534 19.98287 159.66667 146 180 116.33333 115 119 90.66667 89 93 118.79333 115.76 123.05
10 47.98601 47.55545 48.42683 45.07921 44.99903 45.22432 42.38032 42.16891 42.71948 45.11988 44.96283 45.26807 248.33333 238 256 188.33333 187 191 155.66667 148 162 190.15667 188.78 191.2
20 99.94037 99.08626 100.44956 94.96447 94.15663 95.5222 90.14106 89.21657 90.76085 95.07955 94.48422 95.59292 419 354 493 316.33333 313 320 274.33333 268 282 320.49667 313.49 325.83
50 260.58608 257.20925 263.30228 246.12099 245.2739 246.74045 232.11197 230.06422 234.40489 246.12701 245.53687 246.66835 762 727 781 666.66667 658 682 597.33333 586 604 667.54333 659.07 679.31
100 520.85405 518.32032 522.53523 495.09696 491.84019 498.74174 469.61564 465.06 471.95532 495.37271 491.89103 498.47713 1357.66667 1338 1392 1218.66667 1214 1228 1119.66667 1105 1134 1223.59333 1215.67 1237.05
200 1042.81276 1040.22516 1044.16333 992.70395 991.02256 994.25784 940.68922 935.94421 944.29557 992.64727 991.58144 994.0335 2413.33333 2339 2482 2256.66667 2246 2276 2142.33333 2112 2161 2265.57667 2244.87 2296.05
500 2601.04681 2584.27488 2617.80446 2502.29766 2492.4607 2521.88418 2388.31681 2381.02311 2399.38086 2503.55997 2493.83592 2521.35527 5611.66667 5599 5637 5406.66667 5350 5437 5166.33333 5124 5223 5409.97333 5355.84 5437.78

