2 5.00595 4.9872 5.02594 5.94457 5.88098 5.98576 4.11871 3.96468 4.34408 4.97964 4.95372 5.0228 66.94 65.96 68.73 110 98 123 45 44 46 64.66667 63 67
3 9.98231 9.94454 10.02462 11.02825 10.8349 11.31626 8.91515 8.79866 9.07379 9.96296 9.93144 10.01508 89.43667 88.79 90.2 163.66667 138 193 63 60 69 87 86 89
5 20.04608 20.00094 20.11466 21.61026 21.54789 21.66186 18.29683 18.02797 18.76283 20.06936 20.03235 20.09009 120.97667 115.74 123.84 174 148 189 92.33333 91 93 117.66667 114 120
10 45.06509 44.98335 45.11482 48.17345 47.79017 48.8682 41.48605 41.11838 42.15634 45.07187 45.0455 45.10645 190.22333 189.43 191.6 251 249 254 153.66667 150 158 187 186 188
20 94.8357 94.53006 95.22391 99.63194 98.42324 100.78585 90.40331 90.20565 90.64849 94.66991 94.45838 95.06 316.95333 316.03 318.17 404 386 436 268 262 274 313.33333 312 315
50 245.47702 245.11146 246.16185 258.76544 257.70071 259.421 233.55075 229.63385 236.83595 245.30268 244.81809 245.90735 670.59 660.73 680.54 760.33333 727 811 604.33333 598 612 667.33333 658 673
100 495.13045 492.48578 496.7074 524.51688 517.55844 529.58907 470.90734 466.93649 477.73852 494.5505 492.60993 496.93145 1215.31667 1206.95 1226.41 1344.33333 1340 1347 1096.66667 1079 1112 1213.66667 1205 1225
200 995.14559 991.10393 997.52178 1045.14588 1036.1103 1056.93037 947.32024 941.23626 954.06711 995.6966 991.11168 998.89337 2281.48667 2276.49 2290.78 2486.66667 2407 2532 2140.33333 2127 2158 2272.33333 2264 2283
500 2506.86808 2499.80007 2514.71675 2611.45543 2601.96471 2622.65748 2389.72195 2347.95721 2415.80276 2503.17247 2497.12312 2511.19097 5446.58667 5429.9 5461.75 5675.33333 5663 5690 5232.33333 5207 5280 5442.66667 5429 5451

