2 5.02703 5.00934 5.04184 5.02047 4.99399 5.04076 4.33638 4.24731 4.44 5.85922 5.64668 6.04592 67.1 66.64 67.86 64 63 65 48.33333 48 49 112.66667 107 120
3 9.98747 9.97641 10.00349 9.95724 9.93352 9.9922 8.98043 8.9003 9.09572 11.08771 10.88821 11.25891 87.69 86.04 89.15 86 85 88 63.66667 63 64 144.33333 131 171
5 19.97249 19.88625 20.01887 19.93547 19.88673 20.02284 17.76739 17.24537 18.16802 21.62149 21.25823 22.11695 120.78 116.41 124.88 117.33333 113 122 92.66667 89 95 187.33333 184 194
10 45.05506 44.95477 45.16397 45.10121 45.07579 45.12062 42.1327 41.69691 42.54472 47.71756 47.46862 47.98971 190.31333 187.22 195.2 187.66667 184 191 154.66667 152 157 253 228 272
20 94.89816 94.15453 95.5199 94.82765 93.97833 95.81537 89.84335 88.90586 90.55248 100.75783 98.98658 102.37808 319.37 316.42 321.56 314.33333 309 321 276.66667 271 281 404.66667 394 425
50 245.23633 244.69765 245.91948 244.74791 244.43811 245.13828 233.65784 233.35605 233.93548 256.55024 255.05141 257.71347 675.07 665.57 685.88 669 663 679 592 583 597 790 759 806
100 497.17037 494.7408 499.79541 496.54541 493.10236 499.51139 473.93076 470.33695 480.08569 520.78869 517.86546 523.99396 1223.07 1206.4 1234.45 1218.66667 1202 1231 1118 1103 1127 1335.66667 1305 1359
200 991.8476 990.46587 993.60317 990.33618 988.65566 991.45327 939.44724 933.65531 949.27059 1043.07665 1031.87832 1063.68732 2291.68 2269.66 2305.94 2283.33333 2267 2301 2160.66667 2150 2174 2473.33333 2415 2507
500 2490.25143 2485.49768 2494.14886 2488.4401 2483.10689 2492.63405 2336.28004 2302.28244 2383.92884 2635.18372 2586.06177 2682.91243 5433.67333 5383.07 5503.87 5416 5385 5477 5138.33333 5097 5181 5708.66667 5583 5830

