2 5.01623 4.9852 5.03343 5.8653 5.84257 5.89344 5.00563 4.99034 5.02708 4.30748 4.22727 4.35822 65 63 66 115.66667 107 125 67.80333 66.3 69.11 44.66667 42 48
3 9.97286 9.92388 10.033 11.03475 10.82304 11.17624 9.97789 9.93523 10.04402 8.93551 8.86412 9.07024 85.33333 84 87 130 118 143 86.89333 85.49 88.02 64.66667 64 65
5 19.9511 19.84195 20.09259 21.48063 21.35491 21.68103 19.93996 19.82681 20.05599 18.33452 18.11134 18.56059 116.66667 115 118 172 154 190 118.47 116.84 119.59 88.66667 87 91
10 45.06836 44.76535 45.24378 47.79444 47.47541 48.19598 45.00291 44.81437 45.23881 42.27117 42.07455 42.43337 185.33333 181 188 248.33333 245 251 188.85667 185 191.13 148.33333 143 151
20 94.64295 94.21408 95.27642 99.46561 98.71526 99.94879 94.61927 94.07729 95.20181 89.49253 88.61122 90.88 314 313 316 412.33333 380 449 320.57333 315.55 325.34 266 256 274
50 245.75292 244.75524 246.7189 257.27689 253.73842 262.19939 245.42304 244.43147 245.93076 232.48612 231.54582 233.62967 669 664 673 767.33333 739 806 672.86333 666.34 677.84 607.33333 602 611
100 496.34057 494.84833 499.08909 516.7933 514.38385 520.97029 496.06841 494.79157 498.35467 477.18211 472.78953 480.64535 1194 1177 1211 1320.66667 1264 1381 1205.21 1182.47 1218.04 1118 1108 1125
200 992.11889 986.80125 995.30164 1039.25956 1030.52891 1044.6087 992.33982 986.85425 995.1038 937.31611 925.8787 954.91813 2291.66667 2285 2295 2453 2418 2497 2300.13 2294.5 2307.94 2137 2126 2143
500 2500.15675 2489.93934 2511.59073 2611.96913 2608.69643 2618.40846 2500.20068 2489.49845 2508.59943 2378.19592 2377.22907 2379.90249 5384.33333 5360 5415 5657.33333 5588 5789 5393.33333 5367.34 5410.92 5165.66667 5130 5188

