2 4.9721 4.95434 4.98489 4.20676 4.094 4.30573 5.67501 5.57815 5.81866 4.94417 4.91599 4.99481 66.08667 65.45 66.72 47.33333 45 49 110.66667 106 117 63.66667 63 64
3 9.98007 9.95971 10.00272 8.75876 8.55577 8.87866 11.24025 11.14327 11.35288 10.00588 9.94439 10.07129 87.66667 86.88 88.89 63.33333 61 67 141.33333 136 148 85.66667 84 88
5 19.98479 19.90716 20.04373 18.19693 18.07823 18.39571 21.54689 21.37642 21.84428 19.97478 19.89128 20.09731 118.41 114.28 123.23 89.33333 87 92 169.66667 163 177 116.33333 112 119
10 44.83117 44.80541 44.84878 42.08915 41.94444 42.224 47.88163 47.30976 48.65828 44.76522 44.72561 44.82886 190.72667 189.48 191.93 156.33333 152 159 262.33333 255 266 188.33333 187 190
20 95.13025 95.03064 95.18039 89.84649 89.44914 90.63395 100.48273 99.34796 101.35127 95.05611 94.9783 95.16828 315.32667 313.78 316.4 269 267 272 392 383 410 311.66667 309 313
50 243.93034 242.72541 244.66178 233.98419 232.96471 235.77134 254.3411 252.84615 256.09649 243.82042 242.58972 244.56774 669.05333 663.27 679.93 593.66667 591 598 755.66667 749 763 663.33333 657 675
100 495.74717 493.98494 498.00618 473.74346 468.05423 480.36973 520.71673 518.63382 523.71808 495.66314 494.51588 496.80788 1212.92667 1208.56 1218.06 1120 1112 1134 1341 1290 1383 1205.33333 1199 1210
200 998.01447 996.76722 1000.48225 947.0696 945.22621 949.66874 1036.1667 1031.37216 1040.38105 997.30834 994.20446 1001.48522 2275.00667 2261.29 2290 2156 2148 2168 2405 2350 2477 2272.66667 2261 2280
500 2498.61152 2494.84948 2501.04109 2367.81831 2357.27823 2380.3745 2613.7002 2603.20123 2625.45735 2494.52097 2483.12513 2501.40303 5375.58 5369.64 5379.21 5202 5188 5218 5604.66667 5545 5712 5356 5324 5376

