2 4.99704 4.98062 5.02395 4.99588 4.98628 5.00231 5.92359 5.88075 5.98914 4.31377 4.17722 4.39182 65.66667 65 66 67.78667 67.41 68.48 120.66667 99 145 47.66667 45 51
3 10.03491 9.99898 10.05539 10.03498 10.02702 10.04487 11.13085 10.9428 11.29437 8.90361 8.60819 9.13925 86 85 87 86.99333 86.09 88.16 128.66667 124 132 63 58 67
5 19.96645 19.84914 20.04227 19.97936 19.92594 20.03942 21.69119 21.52595 21.89403 18.54727 18.41715 18.63767 119.33333 116 123 121.91 118.38 126.11 163.66667 152 176 94 92 98
10 45.01472 44.84493 45.31295 45.06197 44.98248 45.11014 48.00542 47.56282 48.7305 42.27521 41.99801 42.64956 186.33333 185 187 189.61333 187.31 190.94 255.33333 247 263 152.66667 146 160
20 94.83207 94.62784 95.01566 94.76403 94.52671 95.05111 100.23203 98.99228 101.81707 89.28408 89.01523 89.56004 317 311 324 320.72 317 325.03 403.66667 383 433 271.66667 263 277
50 244.81907 244.35417 245.12038 245.02953 244.48211 245.46166 257.56622 253.96076 261.60694 233.82373 231.68307 236.08594 664.33333 661 668 670.37 665.8 675.74 776 753 819 601.33333 597 607
100 495.66609 493.57011 496.94407 495.50599 492.52423 497.04163 523.75863 514.98397 528.24043 472.83979 468.24106 475.87012 1207.33333 1190 1217 1211.38333 1196.28 1221.09 1314 1291 1345 1115.66667 1105 1123
200 990.71055 985.02529 995.64279 992.59001 987.465 997.58498 1043.63863 1028.41466 1057.81412 955.62404 951.45307 958.65312 2275.33333 2245 2304 2283.78 2250.47 2322 2453 2396 2565 2115.66667 2108 2122
500 2483.8302 2475.38661 2493.34778 2486.17422 2480.73525 2494.89826 2605.55914 2577.6372 2641.83301 2369.72889 2360.25978 2382.32132 5409.33333 5350 5497 5406.32 5352.53 5495.28 5578.66667 5515 5678 5169.33333 5101 5243

