2 4.11048 3.98019 4.33573 5.01621 4.9996 5.02543 5.77943 5.65694 5.96088 5.00749 4.9959 5.02456 46 41 49 67.54667 67.15 67.96 116.66667 109 123 65.66667 65 66
3 8.93464 8.70726 9.10854 10.01878 10.00318 10.03642 11.28806 11.14564 11.35933 10.01798 9.9716 10.06054 61.66667 60 63 87.68333 87.1 88.39 132.33333 124 146 85.66667 85 86
5 18.39019 18.04312 18.73782 20.03114 19.93289 20.08485 21.65041 21.60395 21.70814 20.0185 19.8994 20.10192 93 90 95 120.29 118.95 121.68 188.66667 175 207 116 114 118
10 42.30292 42.0501 42.45491 45.06947 44.93816 45.29847 47.75477 46.94477 48.21853 45.06448 44.94164 45.17846 150.66667 147 156 189.74 187.12 191.53 247 232 268 188 184 191
20 89.48779 88.78856 90.17624 94.97339 94.14551 95.7919 100.6701 99.44311 101.45427 95.07669 94.36703 95.95119 268 257 276 314.98 313.39 316.53 389 378 398 312.33333 311 314
50 233.27309 231.55084 234.38943 244.47437 243.74695 245.76437 257.13663 255.53568 259.2468 244.39245 243.71709 245.26736 602 587 612 665.19333 658.57 675.03 746 727 765 661 653 671
100 463.94187 457.34479 470.91474 495.30651 494.59948 496.37581 519.19009 517.47157 521.85911 495.5795 495.00535 495.96634 1121.33333 1115 1129 1233.28667 1223.04 1240.62 1363 1324 1388 1228.33333 1217 1238
200 948.99037 943.86037 957.10455 993.92817 992.92229 994.50636 1048.31405 1040.82132 1053.92574 994.72537 993.57673 995.37025 2148.66667 2134 2162 2270.52333 2245.84 2300.74 2397.66667 2336 2456 2266.33333 2242 2295
500 2370.67793 2366.85471 2377.76883 2496.69366 2479.73391 2509.18499 2599.2759 2576.88 2614.36673 2499.34268 2480.83044 2516.07862 5181 5155 5208 5379.73333 5341.08 5411.15 5580.66667 5509 5618 5376 5327 5427

