2 5.62454 5.61317 5.64327 4.19142 3.98679 4.34036 4.97977 4.95055 5.00752 4.94514 4.91749 4.99712 114.66667 112 119 45 42 47 68.40333 68.38 68.43 65.66667 65 66
3 11.38536 11.19403 11.49687 8.99021 8.91843 9.09903 10.00414 9.98634 10.02741 9.96253 9.91569 9.99399 137 122 161 61.33333 60 64 88.08 86.98 89.91 86 84 88
5 21.51168 21.26316 21.64133 18.46954 18 18.70803 20.02731 20.00457 20.05953 20.01024 19.94882 20.04402 165.66667 153 186 95.33333 93 97 121.64667 118.34 125.87 119 116 121
10 47.97288 47.5914 48.36674 42.62707 42.36061 42.89494 45.18106 45.11851 45.22083 45.0982 44.9332 45.18712 249 239 266 157 155 159 191.01 188.75 194.96 187.33333 183 193
20 99.80825 99.22177 100.85373 90.52536 89.62804 91.16213 95.07291 94.99403 95.18138 95.03434 94.80182 95.36868 382.66667 367 404 268.33333 266 272 317.32333 314.76 320.71 314 311 318
50 258.40279 256.22874 262.23244 232.81286 232.59289 233.21227 245.45744 245.17423 245.61582 245.47969 245.07464 245.73268 764.33333 746 799 606.33333 601 615 671.60667 661.63 683.26 670.33333 662 679
100 518.89229 516.98002 521.35851 475.16363 469.90927 478.85223 495.08159 492.96906 496.38825 495.60185 493.25385 496.95933 1343.66667 1300 1382 1127 1116 1138 1224.21667 1211.08 1234.02 1217.33333 1204 1230
200 1037.19563 1035.23594 1040.00821 949.60778 944.09701 955.21839 995.83332 993.39649 998.4017 996.67416 994.82447 997.87548 2441.33333 2428 2465 2155.66667 2133 2183 2291.03667 2286 2297.58 2284 2283 2286
500 2578.07265 2566.73939 2596.73003 2390.66222 2383.87744 2401.28514 2490.47777 2486.80411 2494.99129 2491.4231 2488.19245 2495.51149 5663.33333 5404 5853 5183 5144 5235 5401.84333 5298.71 5470.03 5387 5303 5461

