2 5.73035 5.6408 5.78265 4.20605 4.17 4.24179 4.99297 4.97983 5.00606 5.01159 4.98302 5.02839 124 118 131 46.66667 46 48 67.33333 67 68 69.70667 68.39 70.51
3 11.01162 10.98488 11.032 8.93434 8.86207 9.00296 9.97624 9.88809 10.05647 10.00336 9.97015 10.04329 157.66667 143 175 67 66 69 87 86 88 90.04333 88.91 91.03
5 21.48798 21.40762 21.53448 18.36482 18.30346 18.44399 20.09347 19.96311 20.17175 20.1011 20.0221 20.16059 168 160 173 90.33333 89 93 118 116 119 119.89333 117.24 121.5
10 48.17223 47.83768 48.68817 41.91892 41.25788 42.57143 44.87385 44.73493 45.05229 44.91771 44.64225 45.17499 250 241 262 155 154 156 184 183 186 187.49667 187.02 188.39
20 99.6632 99.01263 100.40922 88.69519 88.22211 89.02415 94.96296 94.37625 95.34706 94.84262 94.39174 95.07202 391.66667 387 399 267 262 273 312.33333 309 317 316.24333 314.5 317.92
50 256.19098 254.9082 258.06621 234.14028 232.80267 236.50594 244.48075 244.11298 245.04651 244.52631 244.19642 244.69435 782 742 817 597.66667 590 605 661.33333 658 664 665.37333 661.41 667.36
100 515.99555 510.89623 521.74223 470.2316 469.58655 471.36004 493.02037 491.38858 495.19871 494.33034 492.54306 496.6714 1349.33333 1306 1425 1127.33333 1122 1131 1208.33333 1204 1211 1216.61667 1214.02 1220.39
200 1046.29476 1043.18091 1049.58704 950.8434 945.86749 954.62525 992.27438 986.35132 996.49595 994.28149 990.20596 998.9112 2444.66667 2389 2527 2134 2121 2144 2274.33333 2235 2335 2283.11 2251.43 2340.18
500 2645.83701 2606.08325 2678.04362 2374.46044 2369.68719 2380.02017 2492.72497 2470.94433 2513.82735 2493.10561 2479.34603 2511.80229 5671.66667 5517 5783 5171.33333 5143 5226 5424.33333 5341 5514 5425.29333 5345.86 5508.06

