2 5.69388 5.5252 5.88945 4.99393 4.98767 5.00247 4.9701 4.94693 4.98965 4.32488 4.22008 4.4499 114.66667 97 136 67.94667 67.45 68.58 66.66667 66 68 44.33333 41 47
3 11.09013 10.87941 11.24053 9.97909 9.94388 10.00578 9.96785 9.93009 10.02257 8.83927 8.50196 9.0217 136.33333 114 162 87.66 84.93 89.51 84.66667 83 86 66 62 69
5 21.68605 21.48239 21.88119 19.91198 19.85481 19.95612 19.91476 19.87984 19.95723 18.3323 18.17739 18.5144 189.33333 176 212 121.48 119.39 124.21 119 118 120 90 83 94
10 47.56479 47.16093 47.84444 44.94979 44.89036 45.06106 44.90208 44.78468 44.96234 42.40753 41.82437 42.78648 256 248 266 190.12667 185.97 192.53 186.33333 182 189 152 150 154
20 99.46179 99.26745 99.5767 95.01999 94.73412 95.41582 94.9873 94.71795 95.44077 89.79815 88.22269 90.66806 391 362 430 321.61667 314.41 329.12 318 312 325 273.66667 268 278
50 255.57564 253.85772 258.15094 245.22022 244.76761 245.5474 245.66317 244.39244 246.48531 233.22967 231.77644 234.99507 732.66667 717 751 660.19 654.41 668.28 657.33333 652 662 586.33333 580 598
100 519.77187 515.54581 522.93463 495.22711 493.47306 496.49119 494.51427 493.06357 496.58991 467.80337 460.37827 477.05657 1329 1300 1373 1204.69667 1195.55 1217.15 1196.33333 1186 1207 1117.33333 1114 1121
200 1034.94488 1024.9527 1043.84348 992.918 990.18461 994.3803 992.02898 990.90845 992.65259 943.17866 925.16021 956.37191 2415.66667 2394 2459 2270.21333 2250.85 2300.23 2268.66667 2245 2304 2116.33333 2062 2144
500 2611.84338 2583.20837 2657.83021 2494.67259 2493.6822 2496.45119 2492.80134 2488.52555 2499.95773 2386.84728 2374.50101 2397.02759 5630 5511 5702 5405.27667 5342.95 5445.63 5395.33333 5338 5434 5157.33333 5134 5188

