2.5158827039930554
1.942941623263889
1.1631076388888888
1.7405870225694444
0.8852023654513889
1.1487386067708334
0.230126953125
0.38888075086805557
1.3226128472222223
0.7478542751736111
0.7681043836805556
0.3679009331597222
0.9457275390625
0.8053575303819445
0.4040771484375
1.9308295355902778
2.239127604166667
0.7167263454861111
0.16408148871527778
1.3461507161458333
0.39083930121527777
1.3592583550347221
1.2531521267361112
0.45138346354166664
0.6664740668402778
1.1361192491319445
1.6025037977430556
0.06246202256944444
0.8488552517361111
1.6459825303819444
1.1951768663194444
0.5942708333333333
0.4164035373263889
0.3082546657986111
0.13901638454861112
2.019645182291667
1.5210069444444445
0.7259304470486111
0.14737684461805556
1.7785698784722221
0.6478162977430556
1.9585096571180556
0.16751302083333333
0.7536648220486111
0.10490180121527778
0.20443522135416667
1.1221001519097222
1.0496446397569446
0.845361328125
0.44315321180555556
0.3137668185763889
1.764211697048611
0.6770968967013888
0.3079833984375
1.9452121310763888
0.135791015625
0.26104871961805554
0.6354736328125
1.0584445529513888
1.1160074869791667
1.3301622178819446
0.8674614800347222
0.894189453125
0.7262424045138889
0.21349283854166667
0.3322564019097222
1.748708767361111
0.6289008246527777
0.9812581380208333
0.49686957465277776
0.29860026041666665
0.1561306423611111
1.2672743055555555
1.4211615668402777
0.8458034939236111
0.977734375
0.6461452907986112
0.03772786458333333
0.9522271050347222
0.4326171875
2.349384223090278
0.8118353949652778
1.5891330295138888
0.049962022569444445
0.24781629774305555
0.37755262586805555
0.3192220052083333
0.21611056857638888
0.7724066840277778
1.094479709201389
0.6469835069444444
0.09163682725694444
1.2757839626736112
0.18363715277777778
1.9874620225694444
0.7166422526041667
0.1255560980902778
1.3030354817708334
0.8730143229166667
0.6795572916666667
1.1419542100694444
1.7397216796875
0.9617947048611111
0.8516764322916667
0.35486924913194445
1.5198377821180555
0.8398464626736111
0.4010687934027778
0.3882107204861111
0.6498725043402778
0.6700222439236111
0.9215413411458333
1.4748453776041666
2.133034939236111
0.14244249131944445
1.8684190538194445
1.0942762586805554
2.0854058159722224
0.3994222005208333
0.34941677517361114
0.23507758246527777
0.29938151041666666
0.3342692057291667
1.1866021050347222
1.0892388237847221
0.8374321831597222
2.626459418402778
0.29129231770833336
1.1579888237847222
0.9292344835069445
0.1231689453125
1.4643283420138888
0.12598741319444445
1.1842230902777777
0.7154703776041667
0.92705078125
1.3207845052083333
0.20726996527777777
2.255365668402778
0.7968424479166667
0.5920464409722223
2.6915690104166665
0.6488633897569445
0.6763536241319444
0.39669867621527777
1.2819200303819445
1.3965847439236112
1.7120713975694444
0.9743896484375
2.0062635633680554
0.322412109375
0.8277696397569444
0.09190266927083333
0.6472873263888889
0.39975043402777777
1.4727023654513889
1.8008978949652779
0.68046875
1.1453586154513888
0.4241536458333333
0.2181911892361111
0.5793429904513889
1.0189425998263888
1.1585367838541667
0.48087022569444443
0.5954237196180555
0.6176106770833333
0.7663845486111112
0.9477837456597222
1.4169786241319444
1.9256673177083334
3.14453125
2.198602973090278
1.5060926649305555
2.402783203125
1.4795871310763888
0.8599175347222222
0.37701280381944446
0.8484537760416667
1.4058566623263888
1.2598280164930555
0.6832628038194445
0.34217393663194445
1.5444932725694445
2.5048149956597223
0.8190348307291667
0.6553683810763888
1.4026502821180555
1.1437174479166667
1.7521782769097223
0.3128851996527778
0.9165581597222222
1.3723036024305555
0.2070827907986111
0.9102593315972223
0.5641167534722222
0.7391465928819444
0.6115749782986111
0.7828016493055555
0.5133544921875
1.0159233940972223
0.9052463107638888
0.5512125651041667
0.3025906032986111
0.5151909722222222
2.0522976345486112
0.3932373046875
1.6759087456597221
1.3361029730902778
0.5726101345486111
0.61552734375
0.75888671875
0.8439398871527778
0.8667860243055555
0.1708251953125
0.8954291449652778
0.44052191840277777
0.9319525824652778
1.1162868923611111
1.579348415798611
0.23406846788194444
0.28436686197916666
1.1735785590277779
1.247317165798611
1.5077880859375
0.744189453125
0.5849527994791667
1.7112223307291667
0.7452772352430556
0.9345052083333333
1.0163818359375
0.8935655381944444
0.3869818793402778
1.5576985677083333
1.1419542100694444
0.16864420572916666
0.7269883897569445
1.2410319010416666
0.1617160373263889
1.16455078125
0.45138346354166664
0.6215386284722222
0.3144259982638889
1.0052354600694444
0.32443033854166664
1.6409315321180555
0.49737684461805554
0.6764024522569444
0.35880262586805556
0.8343858506944445
0.6660970052083334
1.108835177951389
0.8478542751736111
0.054402669270833336
0.17077094184027777
0.7672390407986112
2.3170600043402776
0.9906711154513889
1.3532145182291666
1.6456841362847223
0.5255398220486112
1.424490017361111
0.4649929470486111
0.28341742621527777
0.7569525824652777
1.2380560980902777
1.4032362196180554
1.1675971137152779
1.5808458116319444
1.0491861979166666
0.5058892144097222
0.27670084635416664
0.7353895399305556
1.3891899956597222
0.6150363498263889
1.9001844618055554
0.21011555989583333
1.2605767144097222
0.8375651041666666
0.19383951822916667
1.2789143880208333
0.31168891059027776
0.5670844184027778
1.7327826605902779
0.4622124565972222
0.5413845486111111
1.2002387152777778
0.7447916666666666
1.3994601779513889
0.6350911458333334
1.6612630208333334
0.6688856336805555
1.2339518229166666
1.2692654079861112
0.4674479166666667
0.26543782552083334
1.6356391059027777
1.214773220486111
0.322412109375
0.15578070746527778
1.0633734809027777
2.186794704861111
1.7109076605902778
2.3574083116319446
1.7100748697916666
0.45254448784722223
0.6021864149305556
0.40155164930555554
2.2827772352430555
0.09009060329861111
0.8973225911458333
0.3166720920138889
0.8658311631944444
2.3114691840277777
1.1891031901041667
0.4849989149305556
0.4015869140625
0.5314046223958333
1.2536214192708333
1.8034830729166667
0.9596028645833333
0.9406032986111111
1.0561143663194446
1.1319281684027778
1.3347954644097222
2.336319986979167
2.201510959201389
1.3871175130208333
0.5928466796875
1.3457682291666666
0.4464789496527778
0.4059841579861111
3.065945095486111
0.8066162109375
0.5677083333333334
0.9246039496527778
0.322412109375
0.9732611762152777
1.2352349175347221
0.4921413845486111
1.3939290364583334
3.9094590928819444
0.5771647135416667
0.9150227864583333
0.44951443142361114
1.7681532118055556
0.7860080295138889
0.1405517578125
2.1128472222222223
2.4191487630208335
0.46205240885416665
1.4561903211805556
0.9916042751736112
0.5772243923611111
0.7508002387152778
0.11602105034722222
0.3664577907986111
0.48018120659722224
1.1044026692708333
1.5140218098958333
0.6136257595486111
1.663381618923611
0.22709418402777778
0.9943440755208334
1.9769232855902779
2.8651557074652776
1.3436442057291667
0.02617458767361111
1.1801676432291666
1.5953152126736112
1.0218370225694444
2.234125434027778
2.476068793402778
0.4977023654513889
0.5158474392361111
0.9436442057291666
0.015275065104166667
2.0387939453125
0.9214599609375
0.6077311197916667
1.9337510850694444
0.1293701171875
0.33088107638888886
0.9773491753472222
1.8161376953125
1.3386474609375
0.7569525824652777
0.5633707682291667
1.6298719618055555
1.0903591579861112
1.6272813585069446
0.5895887586805556
0.2770589192708333
1.9426215277777779
1.6542209201388889
1.1350423177083333
1.1484266493055555
0.43374837239583336
0.6079318576388889
2.588503689236111
0.40158148871527777
0.32530653211805555
0.5995361328125
0.01708984375
1.6198567708333333
0.3171413845486111
3.807389322916667
3.4500379774305556
0.6759195963541667
0.9274061414930556
0.05812717013888889
1.1519368489583333
0.2417724609375
0.45941026475694446
0.8557725694444445
1.6507134331597222
0.35560709635416665
1.4214301215277778
0.9672878689236111
0.7945692274305556
1.6740044487847223
1.7801296657986112
2.846435546875
0.5636284722222222
0.06602918836805556
1.2618408203125
1.3493842230902777
1.7313557942708333
0.9415852864583333
2.274275716145833
0.8402398003472222
0.0146728515625
0.8814534505208333
2.0190972222222223
0.22158745659722223
1.857373046875
1.3263726128472222
0.7007649739583334
1.1551649305555556
2.4277018229166667
1.1116373697916666
1.3390489366319445
0.6601291232638888
0.82919921875
0.4941379123263889
0.6137939453125
0.4402398003472222
0.3463406032986111
0.401171875
0.5429768880208333
0.6070882161458333
0.31651746961805555
1.0387966579861112
2.0988172743055555
0.3892333984375
0.7939073350694444
1.4089898003472223
0.6713297526041667
1.713720703125
2.381108940972222
1.7214979383680555
0.6009657118055556
2.1583794487847223
0.9873914930555555
0.11625162760416667
1.4637125651041667
0.3526801215277778
0.366650390625
0.6857069227430556
0.7221978081597222
0.06490342881944444
1.8176866319444445
0.26045464409722224
2.9698866102430554
0.8340359157986111
1.6395806206597223
2.7299940321180554
0.1989203559027778
1.2547932942708333
0.7760036892361111
0.41791178385416666
0.12181260850694445
0.6233262803819445
1.1042127821180556
0.5891276041666667
0.3957465277777778
1.4216552734375
1.128225368923611
0.35458441840277777
2.4857177734375
0.7208577473958333
0.9874728732638889
1.1466145833333334
0.20967339409722222
1.0890842013888888
0.7871527777777778
0.1365993923611111
1.8734998914930556
2.715706380208333
0.5371527777777778
0.27999674479166664
1.1535753038194445
0.9710286458333334
1.2627034505208334
2.6233289930555554
1.3825276692708333
0.7133382161458334
0.9233615451388889
1.5407769097222221
3.1724066840277776
1.1237928602430556
1.2789116753472223
2.790752495659722
0.5101182725694444
0.9816786024305556
0.08299696180555556
0.4661946614583333
1.0381076388888888
0.3682834201388889
1.4090142144097222
0.42294379340277777
0.41495225694444443
2.8042616102430555
0.9650309244791667
1.7030409071180554
1.5202555338541666
0.8946533203125
1.3746148003472223
1.3237440321180556
0.9425482855902778
0.6511935763888889
2.475485568576389
2.2606825086805555
1.4757405598958333
1.3494791666666666
2.0320529513888888
0.9954833984375
1.811471896701389
1.5953070746527778
1.0724012586805556
0.7569525824652777
0.28633355034722224
0.29342176649305557
1.218801540798611
0.8894124348958333
1.682131618923611
2.1503390842013888
0.43074273003472224
0.1416015625
1.6432725694444446
1.2112413194444445
0.3375732421875
0.6204074435763889
1.9527506510416666
2.287966579861111
0.14603135850694443
0.9522433810763888
0.7169325086805556
1.7997721354166667
0.4571940104166667
2.271091037326389
1.4683702256944444
0.5147271050347222
0.4078776041666667
1.322384982638889
2.0216634114583334
0.46696234809027776
3.5595458984375
0.6960828993055556
0.2912570529513889
0.0021348741319444442
1.4611897786458334
0.19050564236111112
0.7813639322916667
2.3533338758680555
0.14505208333333333
0.6337158203125
2.1392442491319446
1.428125
1.5822211371527777
0.8954020182291667
1.6531873914930555
1.1761176215277778
1.2169786241319445
2.065993923611111
0.435498046875
0.19026150173611112
0.45963270399305556
0.49871690538194446
1.2754258897569444
1.1016493055555556
2.7356553819444445
2.3999864366319446
0.6049397786458334
2.487643771701389
0.8665852864583333
0.6636121961805556
1.0935356987847222
0.5217475043402777
1.2072509765625
0.49432508680555554
0.8061577690972223
1.1691813151041666
0.7647406684027778
0.7325113932291667
0.8585015190972223
2.7195366753472223
1.5482069227430555
1.2575981987847222
0.6195448133680556
1.0888753255208334
0.8780707465277777
0.5704969618055555
1.8267415364583333
2.5833984375
2.208148871527778
0.22709418402777778
1.3030544704861111
2.2865695529513888
0.40150553385416665
2.0448106553819443
0.20404459635416666
0.6394694010416667
0.9402370876736111
0.6829182942708333
2.0709120008680557
1.4067843967013889
1.3577962239583334
0.3393690321180556
1.1070176866319446
2.5747775607638888
0.29912109375
0.8169325086805556
0.41527235243055555
0.6083468967013889
0.35838216145833335
0.19987250434027778
4.308924696180555
2.225588650173611
0.9815402560763888
0.5921278211805555
0.7840304904513888
0.16873914930555556
0.6530517578125
0.5708306206597222
1.8192491319444444
0.5836697048611111
0.9619411892361112
0.7140462239583333
0.16234809027777777
1.7783447265625
0.8021891276041667
0.4070231119791667
1.6014702690972222
0.7320502387152777
0.46163465711805557
1.0767035590277778
1.8979763454861112
1.8250868055555556
1.6324110243055556
0.0146728515625
0.43256022135416666
0.4676540798611111
0.9382269965277777
2.1086859809027776
1.5596110026041667
2.8470947265625
1.6406087239583333
0.7477593315972222
1.7693359375
1.6956949869791667
1.0939643012152778
1.8112603081597223
0.6789632161458333
1.571828884548611
0.9307318793402778
0.8836642795138889
0.6380181206597222
1.8939995659722222
0.5097547743055556
0.9185926649305556
2.2623426649305554
0.5650146484375
0.8904459635416667
1.6552191840277777
1.8249810112847222
2.669970703125
0.9539143880208333
0.9517496744791667
0.6562228732638888
0.40438639322916664
0.5529459635416667
0.26703287760416666
2.2982286241319443
1.3548719618055556
1.0115342881944445
1.9462510850694446
0.11662326388888888
0.6537462022569445
3.9455023871527777
0.25546332465277777
1.0091145833333333
0.5870225694444444
2.1126356336805556
1.166384548611111
0.9104275173611112
1.2583984375
0.7848388671875
1.2976915147569446
0.11845431857638888
0.4337565104166667
1.8236083984375
0.6426323784722222
0.6004421657986111
0.9255316840277777
0.5279622395833333
0.6473551432291667
0.7145372178819445
1.3716254340277778
2.7538682725694446
0.9104383680555556
0.42628038194444445
0.6588053385416667
0.6808946397569444
0.9111083984375
1.3600233289930554
0.40428602430555555
0.9729410807291666
1.66943359375
1.0927680121527779
0.32007921006944445
2.7018337673611112
1.8077012803819446
2.195928276909722
1.1415391710069445
1.8935899522569444
0.5092963324652777
0.7589409722222222
1.5454671223958334
0.29763997395833336
0.15397135416666666
1.2331732855902777
2.3074544270833335
0.49734700520833336
1.4465983072916666
0.5281711154513888
0.7942572699652778
1.9755235460069445
0.3924587673611111
0.8342393663194444
0.06536187065972222
1.548095703125
1.6059163411458333
1.5798068576388888
0.9094482421875
0.4714382595486111
0.18458658854166668
0.37701280381944446
0.4815945095486111
0.9411512586805556
1.0703531901041667
0.23201768663194444
2.097024197048611
0.5793429904513889
1.6713433159722222
0.9769721137152778
1.4781439887152779
1.0684407552083333
1.6515869140625
0.8368299696180556
0.9641520182291666
1.9656385633680555
0.39828287760416664
2.1677001953125
1.8950575086805554
0.054484049479166664
2.7065077039930556
1.7244927300347221
1.2572292751736112
0.9779432508680556
1.6971272786458333
0.37208116319444445
0.6333577473958333
0.75556640625
0.7203342013888889
0.9156141493055555
0.28693033854166666
1.6256863064236111
0.6978244357638889
1.4485432942708334
1.8020643446180555
2.086838107638889
0.6304524739583334
1.8086100260416667
2.155997721354167
2.684933810763889
1.2997205946180554
1.2870795355902778
1.5886990017361111
0.5330240885416667
0.39154459635416666
0.9797254774305556
0.4795925564236111
1.4105441623263888
1.7024685329861111
0.14628363715277778
3.0382568359375
1.0801378038194445
0.03543294270833333
1.2102213541666667
0.5883572048611111
0.020377604166666667
0.6746880425347223
1.3639187282986112
0.43873697916666665
0.39337293836805554
1.2411051432291667
0.8580078125
0.8008978949652777
0.29361707899305556
2.107497829861111
0.804296875
1.148556857638889
0.2684814453125
1.3913275824652778
1.0029513888888888
2.3999864366319446
0.7362548828125
0.8248752170138889
0.7327121310763889
1.1187418619791667
0.4066379123263889
0.8605143229166666
0.5951009114583333
0.03608940972222222
0.9169162326388889
1.889599609375
1.4037489149305555
0.8149685329861112
0.4969021267361111
0.2642957899305556
1.6612331814236112
0.17368435329861112
1.243234592013889
1.4974690755208333
0.6675808376736111
2.815530056423611
0.12967664930555556
1.597726779513889
1.2690266927083333
3.278125
1.7565104166666667
0.4711100260416667
1.9255615234375
0.8781277126736111
0.10001627604166667
0.6381646050347223
0.8555691189236111
0.36903483072916665
0.47337782118055555
0.2380126953125
0.5911539713541667
0.9384141710069445
0.42434624565972223
0.8383924696180556
0.3587673611111111
1.2608723958333334
0.9067355685763889
1.0920057508680556
0.6350070529513889
1.371096462673611
0.5000244140625
2.8491617838541665
0.6620686848958334
0.5581190321180556
1.1287353515625
0.4479844835069444
0.3481580946180556
0.81806640625
0.5088840060763888
0.7790961371527778
0.8268229166666666
3.081906467013889
0.6926296657986111
0.14436848958333334
0.7262424045138889
0.7712565104166667
0.8006646050347223
0.36080186631944444
0.3283745659722222
0.33443467881944444
1.0301567925347221
0.18333604600694445
0.1246066623263889
0.7057508680555555
1.5180392795138888
0.5383761935763889
0.4361653645833333
0.9527560763888889
0.6431260850694445
1.3837700737847223
2.415033637152778
0.6717800564236112
0.9236572265625
1.2821614583333334
0.30311686197916665
0.44052191840277777
0.4401095920138889
0.7933322482638889
0.8588433159722222
1.0472032335069446
0.9426052517361111
1.5788519965277779
1.2643880208333333
0.31539984809027777
1.1723442925347223
0.4349772135416667
0.22520073784722222
1.3771565755208333
0.1423366970486111
1.3788275824652778
1.8130805121527778
1.5214219835069445
2.0847710503472223
1.723684353298611
0.5636555989583333
3.455447048611111
0.03979763454861111
1.2173990885416666
1.3179714626736112
0.3642306857638889
0.6694281684027777
0.24047309027777777
0.6787027994791667
0.42999131944444446
1.2402696397569444
0.04152289496527778
2.6180121527777778
0.32661675347222224
1.6230034722222222
0.5203748914930556
0.11432020399305555
1.8346218532986112
1.3297526041666667
0.1858588324652778
0.9472547743055556
0.7707573784722223
0.10001627604166667
1.7788736979166666
0.25887858072916664
0.20149468315972222
0.11802842881944445
0.41049262152777777
0.8359320746527777
0.2873589409722222
0.3695041232638889
1.325265842013889
2.884781901041667
0.6404106987847222
1.405813259548611
1.8139322916666667
1.3964708116319444
0.48505588107638886
0.41340874565972224
0.6601291232638888
1.372927517361111
0.6295247395833333
0.20560709635416666
1.302734375
2.2114013671875
1.2445176866319445
0.8620849609375
0.37701280381944446
1.4430853949652778
3.8907877604166665
1.6950222439236111
1.1685736762152779
0.5044487847222222
1.9594482421875
1.5198920355902779
1.7378960503472223
1.1650173611111112
0.5278266059027777
0.05253634982638889
2.410598415798611
1.095266384548611
1.5007052951388888
2.0152479383680557
0.7625162760416667
0.49368760850694443
0.4052924262152778
0.7962917751736112
1.2813232421875
1.6358778211805556
1.883935546875
0.19652777777777777
0.7071695963541667
2.1099039713541665
0.5158474392361111
0.5500732421875