3.42984375
5.765660807291667
4.74388671875
7.238229166666667
5.032685546875
3.211787109375
3.707265625
2.543177083333333
5.211087239583334
6.848727213541666
4.8759375
4.8561002604166665
2.1103385416666667
2.402399088541667
3.668138020833333
0.4097819010416667
4.050074869791667
0.25354166666666667
1.9457356770833334
3.1502278645833335
3.5004947916666667
1.6191764322916666
3.890849609375
4.33322265625
2.7079817708333334
4.832561848958333
4.371770833333334
0.010517578125
2.4344498697916666
4.866220703125
5.0558463541666665
4.209664713541667
4.475048828125
3.9250423177083333
4.35970703125
2.7242024739583335
2.2325
0.374296875
3.3557389322916666
3.28470703125
2.7961848958333335
4.111233723958334
2.626982421875
6.3174055989583335
3.536393229166667
2.0257942708333334
5.216204427083333
3.4115397135416665
3.5801399739583335
5.275462239583334
5.48994140625
4.319078776041667
5.072307942708333
2.588548177083333
3.74900390625
5.5839453125
1.0310221354166667
2.9130045572916665
4.359117838541667
3.9564322916666668
5.376552734375
0.879091796875
1.7769791666666668
3.1128190104166666
3.52990234375
3.41744140625
6.398082682291666
5.693805338541667
2.2513932291666667
3.8397265625
4.089886067708333
4.131064453125
3.730712890625
2.3546549479166665
3.049332682291667
3.4270475260416666
1.37400390625
2.614599609375
2.9409602864583335
4.065279947916666
2.352626953125
3.719375
4.244303385416667
4.422021484375
4.985205078125
3.9373014322916666
2.3091015625
4.711643880208333
3.8601204427083333
1.937509765625
3.980843098958333
3.3306315104166666
5.352740885416667
4.36826171875
1.9401725260416667
4.162955729166667
2.8065299479166668
0.8860579427083334
5.494765625
3.6108203125
0.362119140625
1.9329947916666668
2.2072298177083334
3.2200618489583333
4.069303385416666
3.2505533854166666
3.93275390625
3.8161686197916667
2.6087532552083332
5.694143880208333
5.738404947916667
1.5063151041666667
4.968072916666666
2.3390201822916667
3.6369010416666665
3.490302734375
2.1559147135416667
5.845432942708333
4.524508463541666
2.440576171875
0.9583919270833333
3.7493684895833335
3.6061490885416667
2.8664225260416667
4.124313151041667
4.723248697916667
5.000234375
5.191090494791666
4.084759114583333
4.998411458333333
4.563600260416667
2.99482421875
3.387955729166667
0.17043619791666667
5.781988932291667
3.6700813802083334
2.6581770833333334
1.2483756510416666
2.686861979166667
3.2582161458333334
4.151741536458333
2.1774641927083334
7.052571614583333
4.953619791666667
4.722604166666667
1.759111328125
3.451360677083333
3.7232682291666666
2.939208984375
3.1242024739583334
4.527333984375
5.490065104166667
4.978763020833333
4.968193359375
3.7244140625
0.7662467447916667
5.498219401041666
5.024020182291666
3.9148828125
3.2888802083333335
4.005872395833333
1.2293815104166668
3.8804622395833333
3.61970703125
7.125869140625
4.5135286458333335
1.8067057291666666
4.33859375
0.2980013020833333
5.3058072916666665
1.9709375
2.5803873697916666
5.2040234375
2.935263671875
3.6371875
1.2142708333333334
5.950520833333333
3.485107421875
2.6627604166666665
2.292535807291667
3.2179524739583334
5.1193619791666665
0.8971614583333334
2.1169108072916667
4.102942708333333
2.6531640625
4.588131510416667
5.5200390625
2.787607421875
1.7795182291666667
4.643938802083333
2.683623046875
2.1253092447916666
3.6383170572916668
6.614371744791667
2.8381477864583333
5.095231119791666
3.3356868489583333
0.5935807291666667
4.958059895833333
3.226025390625
4.984212239583333
0.26302734375
2.3730729166666666
4.648645833333333
2.454117838541667
4.331295572916667
5.983082682291666
4.3191015625
4.761770833333333
2.07412109375
7.603411458333333
2.490703125
7.732242838541667
2.5177180989583334
3.815048828125
5.05021484375
3.8139778645833333
1.3686100260416667
5.543733723958334
2.13306640625
5.5481640625
4.839427083333334
4.943154296875
5.086409505208334
2.1424446614583332
4.3812109375
5.571875
4.187939453125
4.299475911458333
3.0769010416666664
3.4487337239583336
6.6365755208333335
4.900862630208334
1.9279654947916667
7.0316764322916665
3.840481770833333
6.758248697916667
2.6434114583333335
3.3476529947916664
4.92392578125
2.0723046875
1.21484375
1.6425911458333333
5.576220703125
1.45427734375
2.5654231770833333
1.9651334635416666
3.746637369791667
3.6662174479166665
3.032923177083333
4.243837890625
3.5593717447916666
0.08146484375
3.504134114583333
0.72373046875
4.635813802083334
0.322373046875
3.0353515625
3.856481119791667
3.7362044270833334
4.781220703125
0.2875520833333333
0.45581380208333333
5.388678385416667
1.7702278645833334
7.406409505208333
3.1938802083333333
0.15354817708333332
6.341487630208333
5.930169270833333
4.18158203125
4.196650390625
9.3634375
4.492692057291666
4.727255859375
3.1737825520833334
2.1976139322916666
4.801754557291667
1.4721223958333334
0.17807291666666666
1.7470540364583333
0.83158203125
8.246331380208334
7.185354817708333
2.4937727864583334
4.604036458333334
5.075651041666666
3.8481966145833333
4.052353515625
4.201376953125
2.0015559895833333
3.3147591145833335
5.303548177083333
7.4298307291666665
5.421311848958333
4.889928385416667
1.5088118489583333
4.478375651041667
0.7978971354166666
3.8369401041666666
3.6259505208333334
2.533219401041667
2.1763118489583335
3.808427734375
5.235087890625
4.049098307291667
3.8602799479166667
3.6204850260416666
2.9913932291666665
0.6910970052083333
2.88052734375
3.933232421875
5.1833723958333335
2.7810514322916666
0.9626432291666667
2.8321875
0.08496744791666666
4.72806640625
0.966123046875
4.082073567708333
2.9092805989583335
3.051826171875
3.6658951822916666
7.005055338541666
4.633014322916667
6.015087890625
2.2121321614583334
1.3841015625
3.270921223958333
4.702229817708333
2.689791666666667
2.2781673177083333
5.84482421875
3.5443098958333334
1.1565201822916666
4.080364583333333
4.755
2.3062760416666666
4.925774739583333
6.015227864583333
5.591861979166667
2.252535807291667
6.362835286458333
4.495729166666667
2.4625455729166665
1.5942447916666667
1.9583203125
4.831438802083333
6.1135872395833335
5.199381510416667
3.2149772135416668
5.989625651041667
3.372744140625
5.449710286458333
6.767194010416667
4.5636197916666665
3.3133170572916666
2.8120930989583335
3.154345703125
2.6681510416666665
5.861686197916667
2.9169498697916665
5.878746744791667
4.297978515625
1.9976985677083334
6.314039713541667
2.3285709635416665
0.34133463541666664
4.988173828125
3.858115234375
4.4724348958333335
2.83853515625
3.094915364583333
6.512584635416666
4.977981770833333
1.5097493489583333
3.355563151041667
3.680699869791667
2.024658203125
8.1422265625
5.663902994791667
1.3746256510416666
2.0929134114583334
4.320221354166667
4.670296223958333
3.8463736979166665
2.197923177083333
0.05637369791666667
3.30916015625
6.644222005208333
1.388173828125
3.033984375
7.006188151041667
6.563668619791667
4.070416666666667
4.1273404947916665
5.92416015625
2.395537109375
1.4674934895833334
1.43943359375
3.021354166666667
0.7826106770833333
5.125013020833333
2.514778645833333
3.8581998697916666
0.17463216145833332
3.8396419270833335
1.7549381510416666
4.092444661458333
0.7637337239583334
0.035833333333333335
6.269456380208333
4.46505859375
5.276041666666667
4.495524088541667
5.31353515625
2.4275325520833335
7.1985091145833335
2.40810546875
3.373671875
4.397145182291666
3.14671875
1.8829850260416667
3.124700520833333
7.8113802083333335
4.134593098958334
5.857037760416667
0.17309895833333333
3.68546875
4.243681640625
1.2380013020833334
4.346624348958334
0.9441373697916666
4.765537109375
2.7053743489583333
6.228323567708333
1.093564453125
3.045556640625
1.4514095052083333
6.533209635416667
3.0023404947916665
2.37970703125
6.126780598958334
1.927490234375
4.154049479166667
4.582587890625
4.636350911458333
0.43172526041666665
1.8518619791666666
2.023505859375
5.26814453125
4.730481770833333
2.9472981770833333
4.755875651041666
3.81615234375
3.01517578125
3.4624348958333333
1.897587890625
4.971422526041667
2.283333333333333
2.5516666666666667
3.9222819010416665
0.1694140625
4.5478287760416665
1.9597233072916667
4.0622265625
4.464195963541667
4.9530859375
2.0190364583333333
3.925875651041667
4.171259765625
0.7354069010416666
4.837799479166667
0.8566145833333333
3.2188671875
4.042600911458333
3.2909635416666667
7.9401953125
5.3400260416666665
3.4941666666666666
5.104332682291667
6.1596875
4.4215234375
3.47107421875
1.6335774739583333
1.0365657552083334
5.214830729166667
4.2525
8.169029947916666
0.5851790364583334
5.86533203125
4.192731119791667
4.528629557291667
4.611129557291667
5.221998697916667
1.1525358072916667
0.971455078125
5.661324869791667
1.84150390625
5.675048828125
4.933821614583334
5.857018229166667
2.1179264322916667
0.9902864583333333
6.252724609375
4.780068359375
3.2998763020833333
2.80171875
3.3351236979166665
3.5179296875
0.5479915364583333
7.103831380208334
2.761015625
5.0291796875
2.4994401041666667
4.10935546875
4.654287109375
2.1635481770833334
1.5267903645833334
3.2894270833333334
5.677291666666667
3.8716341145833333
1.3487272135416666
3.4506966145833333
4.611565755208333
3.381930338541667
5.252555338541667
3.7199446614583334
7.811168619791666
4.497688802083333
1.8624381510416668
4.0498274739583335
4.199596354166666
0.98646484375
4.746162109375
5.075638020833333
0.25818359375
4.559827473958333
4.096282552083333
3.009973958333333
6.598580729166667
2.4162858072916666
1.0858658854166667
2.7821484375
2.594912109375
4.827604166666666
2.5876920572916666
9.414775390625
2.20341796875
1.7850651041666667
0.44263020833333333
3.096116536458333
6.536123046875
1.6600032552083333
2.3825618489583333
6.014788411458333
4.866500651041667
7.541031901041666
3.7458919270833335
2.3687337239583335
2.170618489583333
3.7153287760416664
2.1493131510416665
2.4184537760416664
2.28486328125
4.454485677083333
3.489892578125
0.3590364583333333
0.5148307291666666
2.2529069010416665
5.295657552083333
3.0683268229166667
3.082220052083333
2.0057486979166668
3.6738020833333334
2.4019205729166666
4.8085709635416665
3.0528352864583335
2.685319010416667
3.7175032552083334
4.09052734375
3.7050553385416665
3.6970703125
2.9481608072916665
3.66125
3.8176985677083333
5.829072265625
4.797457682291666
2.0970638020833334
7.022584635416667
5.285550130208334
6.4208984375
6.3220703125
4.377158203125
2.862587890625
3.163037109375
3.4764973958333334
2.993821614583333
1.0717740885416667
3.1718229166666667
1.1105403645833334
3.147509765625
2.554215494791667
3.1513736979166667
6.042158203125
4.324322916666667
2.7671126302083335
4.1991959635416665
5.341881510416667
7.541419270833333
0.6313704427083333
2.3285091145833334
2.0330305989583333
4.533756510416667
3.0108951822916667
3.7061555989583335
2.8718912760416666
3.6893196614583332
4.432421875
1.8840983072916666
4.245263671875
2.014124348958333
3.8558854166666667
2.513014322916667
4.916188151041666
0.7284147135416666
1.8067936197916667
1.97484375
6.098421223958334
3.5833365885416666
3.6683203125
2.7778645833333333
4.964609375
5.8370572916666665
4.6301497395833335
5.646702473958333
3.8718033854166665
1.2567708333333334
5.405745442708334
4.489026692708333
1.0856575520833334
4.630631510416666
1.8644303385416667
0.09125325520833333
4.80455078125
4.654482421875
2.8286002604166667
3.722975260416667
1.29232421875
7.046380208333333
6.094098307291667
4.082867838541667
2.1853157552083333
0.01251953125
5.952705078125
0.554169921875
0.03959635416666667
2.914697265625
5.269163411458333
2.9675358072916667
3.370511067708333
4.360856119791666
1.0213639322916668
4.7717903645833335
0.7458463541666667
2.8359895833333333
4.935826822916667
3.43419921875
2.594775390625
2.662666015625
5.327337239583334
5.531031901041667
1.6333626302083333
1.5019173177083334
6.577177734375
0.9727962239583333
4.5518196614583335
2.6948111979166667
4.899908854166667
2.811865234375
4.180026041666666
3.2075911458333333
5.255970052083334
1.598955078125
4.921207682291667
6.231689453125
5.014573567708333
1.2184309895833334
5.948232421875
3.478310546875
6.5949479166666665
5.31939453125
5.322145182291667
1.91171875
1.786123046875
1.302412109375
0.4369173177083333
0.608359375
3.8057552083333333
4.77783203125
7.439176432291666
4.689000651041667
4.609456380208333
4.904873046875
3.4803352864583332
2.443229166666667
2.4009635416666666
5.7859765625
3.4422786458333334
4.441370442708333
3.262060546875
5.387249348958333
3.1070768229166665
2.924654947916667
4.999348958333333
3.034986979166667
0.7820475260416667
1.6483528645833334
6.303727213541666
2.9076432291666667
4.913802083333334
3.9756575520833333
6.151598307291667
4.300921223958333
3.8655436197916666
4.517542317708333
2.7661946614583335
0.024440104166666667
0.44867513020833333
1.7703385416666666
5.501468098958333
2.2540787760416667
3.4799934895833333
6.043870442708333
2.5505631510416666
3.5839583333333334
3.80986328125
3.590052083333333
1.8121158854166666
1.9266276041666666
3.645338541666667
6.457164713541666
2.5181087239583335
2.28974609375
7.559602864583334
2.2508138020833335
3.349495442708333
4.528955078125
4.231829427083333
5.028795572916667
4.357249348958334
3.66822265625
3.508544921875
1.4010416666666667
4.126263020833333
1.524814453125
3.8708984375
3.37884765625
4.391617838541666
2.0368033854166665
2.9802278645833336
6.507864583333333
1.0961002604166667
0.6149934895833333
4.125231119791667
3.905498046875
0.77201171875
10.410159505208334
2.2195084635416666
2.49318359375
4.170794270833333
3.2834375
0.15144205729166665
3.206578776041667
2.2907747395833336
2.550481770833333
1.9325455729166667
3.4332584635416667
4.160445963541667
3.083017578125
4.5443717447916665
1.4282649739583333
0.7359114583333334
4.248733723958333
0.192744140625
2.8736458333333332
4.809501953125
2.543125
2.4260579427083333
0.5292740885416667
4.152425130208333
3.3904231770833335
7.089889322916667
2.6987239583333333
0.50083984375
4.741451822916667
4.749475911458333
3.51767578125
2.3696744791666666
3.550927734375
2.9680110677083333
4.335826822916666
3.804069010416667
0.12725260416666667
1.9269921875
1.9798665364583334
2.6414680989583332
2.6795638020833334
8.163186848958333
2.87291015625
1.7070670572916666
4.216829427083334
1.7446940104166666
2.319485677083333
0.07351888020833333
0.310849609375
0.6592447916666667
3.5277897135416665
5.154202473958334
2.69142578125
1.4052962239583333
3.6553255208333333
2.11625
6.934088541666667
6.406982421875
3.2403515625
1.9310514322916668
6.811735026041666
2.4535872395833334
4.23984375
4.423883463541666
4.412194010416667
1.7221647135416667
0.87345703125
5.399850260416667
4.341468098958333
4.604446614583333
5.499840494791667
6.178935546875
1.0216634114583334
6.513196614583333
4.326416015625
8.065061848958333
5.637259114583333
3.373671875
4.263063151041667
2.302392578125
4.391608072916667
2.073369140625
3.5947037760416665
0.03201497395833333
5.593863932291667
3.173603515625
4.909739583333334
1.902236328125
3.159189453125
4.8250944010416665
0.620498046875
2.6679557291666667
6.803356119791666
6.062669270833333
5.481363932291667
3.73962890625
3.0385091145833334
7.556549479166667
5.185862630208334
1.0515983072916666
4.886178385416667
1.34509765625
2.903505859375
3.027919921875
5.6230240885416665
3.7851302083333334
3.245511067708333
4.849951171875
0.34893229166666667
6.7854296875
4.330569661458333
1.0823372395833333
4.656647135416667
0.6214420572916667
1.441845703125
4.204391276041667
4.973821614583334
4.933291015625
0.3318001302083333
4.74177734375
1.3842740885416667
2.5903515625
6.827880859375
5.598828125
2.3202897135416665
3.7920735677083335
3.1089192708333333
2.5297819010416664
3.563440755208333
3.1494401041666666
1.79662109375
3.5083138020833333
0.14884440104166666
5.4624251302083335
0.5428059895833334
2.719521484375
3.93931640625
2.130654296875
4.1033723958333335
4.372529296875
5.4695703125
2.3173502604166667
6.10169921875
2.3335416666666666
6.013095703125
3.73630859375
6.699638671875
0.948896484375
3.4201529947916667
3.9160416666666666
3.71255859375
3.590966796875
4.636666666666667
2.948251953125
2.768642578125
4.278968098958333
2.9947395833333332
1.161845703125
3.1736686197916666
2.81611328125
6.666513671875
2.7541731770833335
4.0306998697916665
4.97708984375
4.524036458333334
5.978636067708333
0.2090625
4.417395833333333
5.6491015625
0.8467220052083333
4.346604817708333
4.280338541666667
6.8379915364583335
3.4678190104166666
7.05861328125
1.4235123697916667
5.137604166666667
4.073375651041666
0.5928385416666667
5.235970052083333
4.677721354166667
1.119638671875
3.2447884114583334
5.103349609375
3.890654296875
1.6796614583333334
6.286057942708333
4.017975260416667
2.1184049479166664
1.1975944010416666
0.078984375
3.8018294270833333
1.306181640625
4.34333984375
6.330569661458333
5.619059244791667
1.0048307291666667
3.7440234375
4.192086588541667
1.12576171875
3.947744140625
4.423922526041666
4.04306640625
0.006604817708333334
3.9604817708333333
1.4051139322916666
3.957783203125
3.4732161458333333
0.28833658854166666
4.104925130208334
9.109205729166666
3.3754296875
3.060319010416667
3.459886067708333
2.4818326822916665
2.48728515625
7.01505859375
3.863349609375
0.7599348958333333
6.01197265625
4.944440104166667
8.6713671875
6.257776692708333
4.453014322916666
3.901044921875
0.9108365885416667
1.371181640625
5.022249348958334
2.484990234375
1.6851204427083333
3.362978515625
2.28318359375
